Seja 

     i       0       1       2       3
     X1     1,0     1,3     1,7     2,0
    f(X1)  0,8415  1,2526  1,6858  1,8186

Calcule

    L3 (1,4)

    G =

    1,4 - 1,0    1,0 - 1,3    1,0 - 1,7    1,0 - 2,0
    1,3 - 1,0    1,4 - 1,3    1,3 - 1,7    1,3 - 2,0
    1,7 - 1,0    1,7 - 1,3    1,4 - 1,7    1,7 - 2,0
    2,0 - 1,0    2,0 - 1,3    2,0 - 1,7    1,4 - 2,0

    Gd, G0, G1, G2, G3

    G =

    0,4    0,3    - 0,7    - 1,0
    0,3    0,1    - 0,4    - 0,7
    0,7    0,4    - 0,3    - 0,3
    1,0    0,7      0,3    - 0,6

    Gd = (0,4) * (0,1) * (-0,3) * (-0,6) = 0,0072
    G0 = (0,4) * (0,3) * (-0,7) * (-0,1) = 0,0084
    G1 = (0,3) * (0,1) * (-0,4) * (-0,7) = 0,0084
    G2 = (0,7) * (0,4) * (-0,3) * (-0,3) = 0,0252
    G3 = (1,0) * (0,7) * (0,3) * (-0,6) = - 0,126

    L3(1,4) = 0,0072 * [ 0,8415 + 1,2526 + 1,6858 - 1,8186]
                         0,0084   0,0084   0,0252   0,126
    
    L3(1,4) = 0,0072 * [100,178 + 149,119 + 66,896 - 14.433]
    L3(1,4) = 0,0072 * [301,76]
    L3(1,4) = 2.172672


